==> BiLSTM.log <==
Accuracy: 99.37 %
Total runtime: 1446.935 s

              precision    recall  f1-score   support

           0       1.00      1.00      1.00   1140671
           1       0.98      0.88      0.93     76773
           2       0.88      0.97      0.92     46407
           3       1.00      1.00      1.00     38304
           4       0.82      0.99      0.90     36327
           5       0.97      0.88      0.92     33827
           6       0.88      0.86      0.87     21482
           7       0.78      0.92      0.85     13639
           8       0.77      0.96      0.86     11929
           9       1.00      0.99      0.99      9270
          10       0.87      0.08      0.14      8252
          11       0.97      0.98      0.98      5618
          12       0.91      0.92      0.91      1601

    accuracy                           0.98   1444100
   macro avg       0.91      0.88      0.87   1444100
weighted avg       0.98      0.98      0.98   1444100


==> BiLSTM_subword.log <==
Accuracy: 99.30 %
Total runtime: 1468.772 s

              precision    recall  f1-score   support

           0       1.00      1.00      1.00   1140671
           1       0.98      0.87      0.92     76773
           2       0.91      0.95      0.93     46407
           3       1.00      1.00      1.00     38304
           4       0.91      0.93      0.92     36327
           5       0.95      0.98      0.96     33827
           6       0.89      0.86      0.87     21482
           7       0.84      0.90      0.87     13639
           8       0.98      0.89      0.93     11929
           9       1.00      0.99      0.99      9270
          10       0.71      0.84      0.77      8252
          11       0.97      0.98      0.97      5618
          12       0.92      0.92      0.92      1601

    accuracy                           0.98   1444100
   macro avg       0.93      0.93      0.93   1444100
weighted avg       0.98      0.98      0.98   1444100



==> LSTM.log <==
Accuracy: 99.14 %
Total runtime: 1231.244 s

        precision    recall  f1-score   support

           0       0.99      1.00      1.00   1140671
           1       0.98      0.82      0.89     76773
           2       0.92      0.95      0.93     46407
           3       1.00      1.00      1.00     38304
           4       0.96      0.88      0.92     36327
           5       0.93      0.91      0.92     33827
           6       0.88      0.88      0.88     21482
           7       0.86      0.88      0.87     13639
           8       0.79      0.96      0.87     11929
           9       0.99      0.99      0.99      9270
          10       0.70      0.94      0.80      8252
          11       0.97      0.98      0.98      5618
          12       0.93      0.91      0.92      1601

    accuracy                           0.98   1444100
   macro avg       0.92      0.93      0.92   1444100
weighted avg       0.98      0.98      0.98   1444100


==> LSTM_subword.log <==
Accuracy: 99.06 %
Total runtime: 1103.897 s

            precision    recall  f1-score   support

           0       0.96      1.00      0.98   1140671
           1       0.97      0.40      0.57     76773
           2       0.92      0.93      0.93     46407
           3       1.00      1.00      1.00     38304
           4       0.80      1.00      0.89     36327
           5       0.98      0.93      0.96     33827
           6       0.92      0.76      0.83     21482
           7       0.80      0.87      0.83     13639
           8       0.88      0.95      0.91     11929
           9       0.99      1.00      0.99      9270
          10       0.83      0.26      0.39      8252
          11       0.97      0.98      0.97      5618
          12       0.87      0.91      0.89      1601

    accuracy                           0.95   1444100
   macro avg       0.92      0.84      0.86   1444100
weighted avg       0.96      0.95      0.95   1444100
